C    = 193.16236 pF/m
L    = 356.42122 nH/m
Z0   = 42.9557 Ohms
nEff = 2.4875