C    = 193.11077 pF/m
L    = 356.42122 nH/m
Z0   = 42.9614 Ohms
nEff = 2.4872