C    = 64.49470 pF/m
L    = 396.79154 nH/m
Z0   = 78.4367 Ohms
nEff = 1.5166
