C    = 63.93278 pF/m
L    = 396.79154 nH/m
Z0   = 78.7806 Ohms
nEff = 1.51