C    = 84.28916 pF/m
L    = 200.24277 nH/m
Z0   = 48.7408 Ohms
nEff = 1.2316