C    = 116.46899 fF/m
L    = 292.83588 pH/m
Z0   = 50.1426 Ohms
nEff = 1.7508
