C    = 116.46899 pF/m
L    = 292.83588 nH/m
Z0   = 50.1426 Ohms
nEff = 1.7508
