C    = 99.69422 pF/m
L    = 279.01569 nH/m
Z0   = 52.9029 Ohms
nEff = 1.5811
