C    = 0.00010 nF/m
L    = 279.01569 pH/m
Z0   = 52.9029 Ohms
nEff = 1.5811
